Timestamp      Susceptible    Infected       Recovered
    0           4872             70              0          
    1           4767            115             60          
    2           4611            172            159          
    3           4422            224            296          
    4           4169            284            489          
    5           3896            308            738          
    6           3623            324            995          
    7           3378            302           1262          
    8           3186            249           1507          
    9           3011            206           1725          
   10           2848            196           1898          
   11           2733            144           2065          
   12           2618            147           2177          
   13           2517            130           2295          
   14           2438             94           2410          
   15           2351            101           2490          
   16           2288             81           2573          
   17           2244             65           2633          
   18           2221             33           2688          
   19           2194             32           2716          
   20           2174             24           2744          
   21           2149             27           2766          
   22           2125             26           2791          
   23           2113             15           2814          
   24           2107              8           2827          
   25           2101              7           2834          
   26           2097              4           2841          
   27           2094              3           2845          
   28           2090              4           2848          
   29           2088              2           2852          
   30           2087              1           2854          
   31           2087              0           2855          
   32           2087              0           2855          
   33           2087              0           2855          
   34           2087              0           2855          
   35           2087              0           2855          
   36           2087              0           2855          
   37           2087              0           2855          
   38           2087              0           2855          
   39           2087              0           2855          
   40           2087              0           2855          
   41           2087              0           2855          
   42           2087              0           2855          
   43           2087              0           2855          
   44           2087              0           2855          
   45           2087              0           2855          
   46           2087              0           2855          
   47           2087              0           2855          
   48           2087              0           2855          
   49           2087              0           2855          
   50           2087              0           2855          
   51           2087              0           2855          
   52           2087              0           2855          
   53           2087              0           2855          
   54           2087              0           2855          
   55           2087              0           2855          
   56           2087              0           2855          
   57           2087              0           2855          
   58           2087              0           2855          
   59           2087              0           2855          
   60           2087              0           2855          


END

Timestamp      Susceptible    Infected       Recovered
    0           4872             70              0          
    1           4772            105             65          
    2           4664            133            145          
    3           4511            174            257          
    4           4311            225            406          
    5           4098            240            604          
    6           3861            276            805          
    7           3619            280           1043          
    8           3399            260           1283          
    9           3184            257           1501          
   10           3015            209           1718          
   11           2885            167           1890          
   12           2776            141           2025          
   13           2707             84           2151          
   14           2632             92           2218          
   15           2572             75           2295          
   16           2528             54           2360          
   17           2481             57           2404          
   18           2453             35           2454          
   19           2430             32           2480          
   20           2412             28           2502          
   21           2403             13           2526          
   22           2391             12           2539          
   23           2380             12           2550          
   24           2371              9           2562          
   25           2364              8           2570          
   26           2359              6           2577          
   27           2354              6           2582          
   28           2348              6           2588          
   29           2344              5           2593          
   30           2341              3           2598          
   31           2338              3           2601          
   32           2337              2           2603          
   33           2336              2           2604          
   34           2336              0           2606          
   35           2336              0           2606          
   36           2336              0           2606          
   37           2336              0           2606          
   38           2336              0           2606          
   39           2336              0           2606          
   40           2336              0           2606          
   41           2336              0           2606          
   42           2336              0           2606          
   43           2336              0           2606          
   44           2336              0           2606          
   45           2336              0           2606          
   46           2336              0           2606          
   47           2336              0           2606          
   48           2336              0           2606          
   49           2336              0           2606          
   50           2336              0           2606          
   51           2336              0           2606          
   52           2336              0           2606          
   53           2336              0           2606          
   54           2336              0           2606          
   55           2336              0           2606          
   56           2336              0           2606          
   57           2336              0           2606          
   58           2336              0           2606          
   59           2336              0           2606          
   60           2336              0           2606          


END

Timestamp      Susceptible    Infected       Recovered
    0           4872             70              0          
    1           4770            114             58          
    2           4615            172            155          
    3           4400            237            305          
    4           4151            285            506          
    5           3871            324            747          
    6           3591            327           1024          
    7           3322            321           1299          
    8           3082            288           1572          
    9           2895            234           1813          
   10           2780            151           2011          
   11           2707            107           2128          
   12           2648             73           2221          
   13           2601             50           2291          
   14           2563             45           2334          
   15           2530             40           2372          
   16           2503             37           2402          
   17           2480             31           2431          
   18           2465             23           2454          
   19           2447             23           2472          
   20           2431             19           2492          
   21           2421             11           2510          
   22           2412             15           2515          
   23           2408              5           2529          
   24           2404              4           2534          
   25           2401              3           2538          
   26           2398              4           2540          
   27           2394              6           2542          
   28           2393              1           2548          
   29           2393              0           2549          
   30           2393              0           2549          
   31           2393              0           2549          
   32           2393              0           2549          
   33           2393              0           2549          
   34           2393              0           2549          
   35           2393              0           2549          
   36           2393              0           2549          
   37           2393              0           2549          
   38           2393              0           2549          
   39           2393              0           2549          
   40           2393              0           2549          
   41           2393              0           2549          
   42           2393              0           2549          
   43           2393              0           2549          
   44           2393              0           2549          
   45           2393              0           2549          
   46           2393              0           2549          
   47           2393              0           2549          
   48           2393              0           2549          
   49           2393              0           2549          
   50           2393              0           2549          
   51           2393              0           2549          
   52           2393              0           2549          
   53           2393              0           2549          
   54           2393              0           2549          
   55           2393              0           2549          
   56           2393              0           2549          
   57           2393              0           2549          
   58           2393              0           2549          
   59           2393              0           2549          
   60           2393              0           2549          


END

Timestamp      Susceptible    Infected       Recovered
    0           4872             70              0          
    1           4765            111             66          
    2           4625            156            161          
    3           4418            238            286          
    4           4201            253            488          
    5           3962            275            705          
    6           3743            257            942          
    7           3530            258           1154          
    8           3347            219           1376          
    9           3170            203           1569          
   10           3009            197           1736          
   11           2895            144           1903          
   12           2790            119           2033          
   13           2700            109           2133          
   14           2598            121           2223          
   15           2507            112           2323          
   16           2426            105           2411          
   17           2356             81           2505          
   18           2306             62           2574          
   19           2265             49           2628          
   20           2231             45           2666          
   21           2204             34           2704          
   22           2177             30           2735          
   23           2157             23           2762          
   24           2145             14           2783          
   25           2124             24           2794          
   26           2103             24           2815          
   27           2092             14           2836          
   28           2086              7           2849          
   29           2084              3           2855          
   30           2081              4           2857          
   31           2078              4           2860          
   32           2074              4           2864          
   33           2065             10           2867          
   34           2058              9           2875          
   35           2051              8           2883          
   36           2048              5           2889          
   37           2046              2           2894          
   38           2043              4           2895          
   39           2040              4           2898          
   40           2038              3           2901          
   41           2036              2           2904          
   42           2034              2           2906          
   43           2032              2           2908          
   44           2029              4           2909          
   45           2028              1           2913          
   46           2028              1           2913          
   47           2028              0           2914          
   48           2028              0           2914          
   49           2028              0           2914          
   50           2028              0           2914          
   51           2028              0           2914          
   52           2028              0           2914          
   53           2028              0           2914          
   54           2028              0           2914          
   55           2028              0           2914          
   56           2028              0           2914          
   57           2028              0           2914          
   58           2028              0           2914          
   59           2028              0           2914          
   60           2028              0           2914          


END

Timestamp      Susceptible    Infected       Recovered
    0           4872             70              0          
    1           4764            123             55          
    2           4614            165            163          
    3           4431            208            303          
    4           4219            248            475          
    5           3979            277            686          
    6           3713            306            923          
    7           3460            297           1185          
    8           3231            278           1433          
    9           3046            229           1667          
   10           2868            208           1866          
   11           2708            194           2040          
   12           2564            174           2204          
   13           2450            146           2346          
   14           2366            105           2471          
   15           2291             88           2563          
   16           2240             70           2632          
   17           2210             40           2692          
   18           2190             25           2727          
   19           2176             17           2749          
   20           2168             12           2762          
   21           2162              8           2772          
   22           2160              4           2778          
   23           2159              2           2781          
   24           2159              0           2783          
   25           2159              0           2783          
   26           2159              0           2783          
   27           2159              0           2783          
   28           2159              0           2783          
   29           2159              0           2783          
   30           2159              0           2783          
   31           2159              0           2783          
   32           2159              0           2783          
   33           2159              0           2783          
   34           2159              0           2783          
   35           2159              0           2783          
   36           2159              0           2783          
   37           2159              0           2783          
   38           2159              0           2783          
   39           2159              0           2783          
   40           2159              0           2783          
   41           2159              0           2783          
   42           2159              0           2783          
   43           2159              0           2783          
   44           2159              0           2783          
   45           2159              0           2783          
   46           2159              0           2783          
   47           2159              0           2783          
   48           2159              0           2783          
   49           2159              0           2783          
   50           2159              0           2783          
   51           2159              0           2783          
   52           2159              0           2783          
   53           2159              0           2783          
   54           2159              0           2783          
   55           2159              0           2783          
   56           2159              0           2783          
   57           2159              0           2783          
   58           2159              0           2783          
   59           2159              0           2783          
   60           2159              0           2783          


END

Timestamp      Susceptible    Infected       Recovered
    0           4872             70              0          
    1           4784            104             54          
    2           4643            160            139          
    3           4442            227            273          
    4           4192            276            474          
    5           3935            296            711          
    6           3679            294            969          
    7           3440            287           1215          
    8           3239            251           1452          
    9           3077            198           1667          
   10           2909            199           1834          
   11           2785            150           2007          
   12           2673            131           2138          
   13           2585            111           2246          
   14           2517             86           2339          
   15           2470             65           2407          
   16           2429             53           2460          
   17           2390             47           2505          
   18           2361             37           2544          
   19           2330             37           2575          
   20           2307             30           2605          
   21           2285             24           2633          
   22           2270             23           2649          
   23           2261             15           2666          
   24           2252             13           2677          
   25           2243             10           2689          
   26           2237              9           2696          
   27           2232              6           2704          
   28           2225             10           2707          
   29           2221              6           2715          
   30           2221              1           2720          
   31           2221              0           2721          
   32           2221              0           2721          
   33           2221              0           2721          
   34           2221              0           2721          
   35           2221              0           2721          
   36           2221              0           2721          
   37           2221              0           2721          
   38           2221              0           2721          
   39           2221              0           2721          
   40           2221              0           2721          
   41           2221              0           2721          
   42           2221              0           2721          
   43           2221              0           2721          
   44           2221              0           2721          
   45           2221              0           2721          
   46           2221              0           2721          
   47           2221              0           2721          
   48           2221              0           2721          
   49           2221              0           2721          
   50           2221              0           2721          
   51           2221              0           2721          
   52           2221              0           2721          
   53           2221              0           2721          
   54           2221              0           2721          
   55           2221              0           2721          
   56           2221              0           2721          
   57           2221              0           2721          
   58           2221              0           2721          
   59           2221              0           2721          
   60           2221              0           2721          


END

Timestamp      Susceptible    Infected       Recovered
    0           4872             70              0          
    1           4784            104             54          
    2           4643            160            139          
    3           4442            227            273          
    4           4192            276            474          
    5           3935            296            711          
    6           3679            294            969          
    7           3440            287           1215          
    8           3239            251           1452          
    9           3077            198           1667          
   10           2909            199           1834          
   11           2785            150           2007          
   12           2673            131           2138          
   13           2585            111           2246          
   14           2517             86           2339          
   15           2470             65           2407          
   16           2429             53           2460          
   17           2390             47           2505          
   18           2361             37           2544          
   19           2330             37           2575          
   20           2307             30           2605          
   21           2285             24           2633          
   22           2270             23           2649          
   23           2261             15           2666          
   24           2252             13           2677          
   25           2243             10           2689          
   26           2237              9           2696          
   27           2232              6           2704          
   28           2225             10           2707          
   29           2221              6           2715          
   30           2221              1           2720          
   31           2221              0           2721          
   32           2221              0           2721          
   33           2221              0           2721          
   34           2221              0           2721          
   35           2221              0           2721          
   36           2221              0           2721          
   37           2221              0           2721          
   38           2221              0           2721          
   39           2221              0           2721          
   40           2221              0           2721          
   41           2221              0           2721          
   42           2221              0           2721          
   43           2221              0           2721          
   44           2221              0           2721          
   45           2221              0           2721          
   46           2221              0           2721          
   47           2221              0           2721          
   48           2221              0           2721          
   49           2221              0           2721          
   50           2221              0           2721          
   51           2221              0           2721          
   52           2221              0           2721          
   53           2221              0           2721          
   54           2221              0           2721          
   55           2221              0           2721          
   56           2221              0           2721          
   57           2221              0           2721          
   58           2221              0           2721          
   59           2221              0           2721          
   60           2221              0           2721          


END

Timestamp      Susceptible    Infected       Recovered
    0           4872             70              0          
    1           4771            113             58          
    2           4620            169            153          
    3           4428            219            295          
    4           4230            238            474          
    5           3998            264            680          
    6           3760            289            893          
    7           3537            261           1144          
    8           3353            215           1374          
    9           3203            189           1550          
   10           3063            167           1712          
   11           2947            143           1852          
   12           2852            122           1968          
   13           2764            115           2063          
   14           2673            105           2164          
   15           2597             93           2252          
   16           2547             61           2334          
   17           2511             48           2383          
   18           2490             30           2422          
   19           2469             25           2448          
   20           2447             26           2469          
   21           2422             28           2492          
   22           2395             32           2515          
   23           2367             34           2541          
   24           2341             30           2571          
   25           2316             28           2598          
   26           2293             28           2621          
   27           2273             25           2644          
   28           2258             19           2665          
   29           2245             18           2679          
   30           2233             14           2695          
   31           2230              4           2708          
   32           2229              1           2712          
   33           2229              0           2713          
   34           2229              0           2713          
   35           2229              0           2713          
   36           2229              0           2713          
   37           2229              0           2713          
   38           2229              0           2713          
   39           2229              0           2713          
   40           2229              0           2713          
   41           2229              0           2713          
   42           2229              0           2713          
   43           2229              0           2713          
   44           2229              0           2713          
   45           2229              0           2713          
   46           2229              0           2713          
   47           2229              0           2713          
   48           2229              0           2713          
   49           2229              0           2713          
   50           2229              0           2713          
   51           2229              0           2713          
   52           2229              0           2713          
   53           2229              0           2713          
   54           2229              0           2713          
   55           2229              0           2713          
   56           2229              0           2713          
   57           2229              0           2713          
   58           2229              0           2713          
   59           2229              0           2713          
   60           2229              0           2713          


END

Timestamp      Susceptible    Infected       Recovered
    0           4872             70              0          
    1           4767            116             59          
    2           4633            148            161          
    3           4457            196            289          
    4           4262            228            452          
    5           4077            225            640          
    6           3844            276            822          
    7           3614            280           1048          
    8           3390            261           1291          
    9           3183            239           1520          
   10           2976            244           1722          
   11           2806            216           1920          
   12           2656            191           2095          
   13           2554            138           2250          
   14           2482            100           2360          
   15           2419             79           2444          
   16           2387             37           2518          
   17           2349             41           2552          
   18           2326             29           2587          
   19           2311             22           2609          
   20           2305             13           2624          
   21           2298              8           2636          
   22           2295              5           2642          
   23           2284             11           2647          
   24           2279              9           2654          
   25           2276              4           2662          
   26           2276              0           2666          
   27           2276              0           2666          
   28           2276              0           2666          
   29           2276              0           2666          
   30           2276              0           2666          
   31           2276              0           2666          
   32           2276              0           2666          
   33           2276              0           2666          
   34           2276              0           2666          
   35           2276              0           2666          
   36           2276              0           2666          
   37           2276              0           2666          
   38           2276              0           2666          
   39           2276              0           2666          
   40           2276              0           2666          
   41           2276              0           2666          
   42           2276              0           2666          
   43           2276              0           2666          
   44           2276              0           2666          
   45           2276              0           2666          
   46           2276              0           2666          
   47           2276              0           2666          
   48           2276              0           2666          
   49           2276              0           2666          
   50           2276              0           2666          
   51           2276              0           2666          
   52           2276              0           2666          
   53           2276              0           2666          
   54           2276              0           2666          
   55           2276              0           2666          
   56           2276              0           2666          
   57           2276              0           2666          
   58           2276              0           2666          
   59           2276              0           2666          
   60           2276              0           2666          


END

Timestamp      Susceptible    Infected       Recovered
    0           4872             70              0          
    1           4760            122             60          
    2           4616            168            158          
    3           4442            203            297          
    4           4246            230            466          
    5           4058            228            656          
    6           3880            215            847          
    7           3705            203           1034          
    8           3562            174           1206          
    9           3404            192           1346          
   10           3260            173           1509          
   11           3132            155           1655          
   12           3021            138           1783          
   13           2938            103           1901          
   14           2866             86           1990          
   15           2800             81           2061          
   16           2746             63           2133          
   17           2704             54           2184          
   18           2673             37           2232          
   19           2649             34           2259          
   20           2637             14           2291          
   21           2630              8           2304          
   22           2624              8           2310          
   23           2616             10           2316          
   24           2611              5           2326          
   25           2607              5           2330          
   26           2603              5           2334          
   27           2601              2           2339          
   28           2597              4           2341          
   29           2593              4           2345          
   30           2588              6           2348          
   31           2584              4           2354          
   32           2579              5           2358          
   33           2575              5           2362          
   34           2569              7           2366          
   35           2562              8           2372          
   36           2552             13           2377          
   37           2541             13           2388          
   38           2531             12           2399          
   39           2518             15           2409          
   40           2511             10           2421          
   41           2508              3           2431          
   42           2507              1           2434          
   43           2506              1           2435          
   44           2506              0           2436          
   45           2506              0           2436          
   46           2506              0           2436          
   47           2506              0           2436          
   48           2506              0           2436          
   49           2506              0           2436          
   50           2506              0           2436          
   51           2506              0           2436          
   52           2506              0           2436          
   53           2506              0           2436          
   54           2506              0           2436          
   55           2506              0           2436          
   56           2506              0           2436          
   57           2506              0           2436          
   58           2506              0           2436          
   59           2506              0           2436          
   60           2506              0           2436          


END

Timestamp      Susceptible    Infected       Recovered
    0           4872             70              0          
    1           4760            122             60          
    2           4616            168            158          
    3           4442            203            297          
    4           4246            230            466          
    5           4058            228            656          
    6           3880            215            847          
    7           3705            203           1034          
    8           3562            174           1206          
    9           3404            192           1346          
   10           3260            173           1509          
   11           3132            155           1655          
   12           3021            138           1783          
   13           2938            103           1901          
   14           2866             86           1990          
   15           2800             81           2061          
   16           2746             63           2133          
   17           2704             54           2184          
   18           2673             37           2232          
   19           2649             34           2259          
   20           2637             14           2291          
   21           2630              8           2304          
   22           2624              8           2310          
   23           2616             10           2316          
   24           2611              5           2326          
   25           2607              5           2330          
   26           2603              5           2334          
   27           2601              2           2339          
   28           2597              4           2341          
   29           2593              4           2345          
   30           2588              6           2348          
   31           2584              4           2354          
   32           2579              5           2358          
   33           2575              5           2362          
   34           2569              7           2366          
   35           2562              8           2372          
   36           2552             13           2377          
   37           2541             13           2388          
   38           2531             12           2399          
   39           2518             15           2409          
   40           2511             10           2421          
   41           2508              3           2431          
   42           2507              1           2434          
   43           2506              1           2435          
   44           2506              0           2436          
   45           2506              0           2436          
   46           2506              0           2436          
   47           2506              0           2436          
   48           2506              0           2436          
   49           2506              0           2436          
   50           2506              0           2436          
   51           2506              0           2436          
   52           2506              0           2436          
   53           2506              0           2436          
   54           2506              0           2436          
   55           2506              0           2436          
   56           2506              0           2436          
   57           2506              0           2436          
   58           2506              0           2436          
   59           2506              0           2436          
   60           2506              0           2436          


END

Timestamp      Susceptible    Infected       Recovered
    0           4872             70              0          
    1           4773            110             59          
    2           4649            140            153          
    3           4492            178            272          
    4           4297            228            417          
    5           4077            261            604          
    6           3892            219            831          
    7           3706            215           1021          
    8           3520            224           1198          
    9           3381            184           1377          
   10           3251            152           1539          
   11           3121            157           1664          
   12           2986            161           1795          
   13           2848            164           1930          
   14           2758            115           2069          
   15           2690             87           2165          
   16           2640             64           2238          
   17           2597             50           2295          
   18           2549             54           2339          
   19           2500             54           2388          
   20           2450             57           2435          
   21           2401             61           2480          
   22           2365             44           2533          
   23           2332             37           2573          
   24           2312             29           2601          
   25           2306              7           2629          
   26           2300              7           2635          
   27           2293              7           2642          
   28           2292              3           2647          
   29           2289              3           2650          
   30           2286              4           2652          
   31           2285              2           2655          
   32           2285              0           2657          
   33           2285              0           2657          
   34           2285              0           2657          
   35           2285              0           2657          
   36           2285              0           2657          
   37           2285              0           2657          
   38           2285              0           2657          
   39           2285              0           2657          
   40           2285              0           2657          
   41           2285              0           2657          
   42           2285              0           2657          
   43           2285              0           2657          
   44           2285              0           2657          
   45           2285              0           2657          
   46           2285              0           2657          
   47           2285              0           2657          
   48           2285              0           2657          
   49           2285              0           2657          
   50           2285              0           2657          
   51           2285              0           2657          
   52           2285              0           2657          
   53           2285              0           2657          
   54           2285              0           2657          
   55           2285              0           2657          
   56           2285              0           2657          
   57           2285              0           2657          
   58           2285              0           2657          
   59           2285              0           2657          
   60           2285              0           2657          


END

Timestamp      Susceptible    Infected       Recovered
    0           4872             70              0          
    1           4772            119             51          
    2           4620            171            151          
    3           4428            224            290          
    4           4199            260            483          
    5           3975            270            697          
    6           3751            263            928          
    7           3487            308           1147          
    8           3223            323           1396          
    9           3003            269           1670          
   10           2804            243           1895          
   11           2668            171           2103          
   12           2567            127           2248          
   13           2496             91           2355          
   14           2440             73           2429          
   15           2384             67           2491          
   16           2335             53           2554          
   17           2296             49           2597          
   18           2270             30           2642          
   19           2249             23           2670          
   20           2235             18           2689          
   21           2223             15           2704          
   22           2208             15           2719          
   23           2198             13           2731          
   24           2187             12           2743          
   25           2179             10           2753          
   26           2173              9           2760          
   27           2169              6           2767          
   28           2164              5           2773          
   29           2163              2           2777          
   30           2161              3           2778          
   31           2159              2           2781          
   32           2157              2           2783          
   33           2157              0           2785          
   34           2157              0           2785          
   35           2157              0           2785          
   36           2157              0           2785          
   37           2157              0           2785          
   38           2157              0           2785          
   39           2157              0           2785          
   40           2157              0           2785          
   41           2157              0           2785          
   42           2157              0           2785          
   43           2157              0           2785          
   44           2157              0           2785          
   45           2157              0           2785          
   46           2157              0           2785          
   47           2157              0           2785          
   48           2157              0           2785          
   49           2157              0           2785          
   50           2157              0           2785          
   51           2157              0           2785          
   52           2157              0           2785          
   53           2157              0           2785          
   54           2157              0           2785          
   55           2157              0           2785          
   56           2157              0           2785          
   57           2157              0           2785          
   58           2157              0           2785          
   59           2157              0           2785          
   60           2157              0           2785          


END

Timestamp      Susceptible    Infected       Recovered
    0           4872             70              0          
    1           4772            119             51          
    2           4620            171            151          
    3           4428            224            290          
    4           4199            260            483          
    5           3975            270            697          
    6           3751            263            928          
    7           3487            308           1147          
    8           3223            323           1396          
    9           3003            269           1670          
   10           2804            243           1895          
   11           2668            171           2103          
   12           2567            127           2248          
   13           2496             91           2355          
   14           2440             73           2429          
   15           2384             67           2491          
   16           2335             53           2554          
   17           2296             49           2597          
   18           2270             30           2642          
   19           2249             23           2670          
   20           2235             18           2689          
   21           2223             15           2704          
   22           2208             15           2719          
   23           2198             13           2731          
   24           2187             12           2743          
   25           2179             10           2753          
   26           2173              9           2760          
   27           2169              6           2767          
   28           2164              5           2773          
   29           2163              2           2777          
   30           2161              3           2778          
   31           2159              2           2781          
   32           2157              2           2783          
   33           2157              0           2785          
   34           2157              0           2785          
   35           2157              0           2785          
   36           2157              0           2785          
   37           2157              0           2785          
   38           2157              0           2785          
   39           2157              0           2785          
   40           2157              0           2785          
   41           2157              0           2785          
   42           2157              0           2785          
   43           2157              0           2785          
   44           2157              0           2785          
   45           2157              0           2785          
   46           2157              0           2785          
   47           2157              0           2785          
   48           2157              0           2785          
   49           2157              0           2785          
   50           2157              0           2785          
   51           2157              0           2785          
   52           2157              0           2785          
   53           2157              0           2785          
   54           2157              0           2785          
   55           2157              0           2785          
   56           2157              0           2785          
   57           2157              0           2785          
   58           2157              0           2785          
   59           2157              0           2785          
   60           2157              0           2785          


END

Timestamp      Susceptible    Infected       Recovered
    0           4872             70              0          
    1           4766            117             59          
    2           4623            156            163          
    3           4424            231            287          
    4           4166            282            494          
    5           3905            307            730          
    6           3663            295            984          
    7           3430            272           1240          
    8           3211            263           1468          
    9           3002            252           1688          
   10           2847            199           1896          
   11           2731            144           2067          
   12           2645            109           2188          
   13           2582             74           2286          
   14           2546             41           2355          
   15           2514             36           2392          
   16           2498             23           2421          
   17           2489             11           2442          
   18           2483             10           2449          
   19           2481              3           2458          
   20           2480              2           2460          
   21           2478              3           2461          
   22           2476              2           2464          
   23           2474              2           2466          
   24           2472              2           2468          
   25           2471              2           2469          
   26           2471              0           2471          
   27           2471              0           2471          
   28           2471              0           2471          
   29           2471              0           2471          
   30           2471              0           2471          
   31           2471              0           2471          
   32           2471              0           2471          
   33           2471              0           2471          
   34           2471              0           2471          
   35           2471              0           2471          
   36           2471              0           2471          
   37           2471              0           2471          
   38           2471              0           2471          
   39           2471              0           2471          
   40           2471              0           2471          
   41           2471              0           2471          
   42           2471              0           2471          
   43           2471              0           2471          
   44           2471              0           2471          
   45           2471              0           2471          
   46           2471              0           2471          
   47           2471              0           2471          
   48           2471              0           2471          
   49           2471              0           2471          
   50           2471              0           2471          
   51           2471              0           2471          
   52           2471              0           2471          
   53           2471              0           2471          
   54           2471              0           2471          
   55           2471              0           2471          
   56           2471              0           2471          
   57           2471              0           2471          
   58           2471              0           2471          
   59           2471              0           2471          
   60           2471              0           2471          


END

Timestamp      Susceptible    Infected       Recovered
    0           4872             70              0          
    1           4763            117             62          
    2           4630            157            155          
    3           4444            214            284          
    4           4206            264            472          
    5           3960            290            692          
    6           3682            329            931          
    7           3436            300           1206          
    8           3230            251           1461          
    9           3063            209           1670          
   10           2917            171           1854          
   11           2779            166           1997          
   12           2636            180           2126          
   13           2511            148           2283          
   14           2417            117           2408          
   15           2342             97           2503          
   16           2282             79           2581          
   17           2219             72           2651          
   18           2178             52           2712          
   19           2153             33           2756          
   20           2144             16           2782          
   21           2139              8           2795          
   22           2136              4           2802          
   23           2135              1           2806          
   24           2134              2           2806          
   25           2133              2           2807          
   26           2129              4           2809          
   27           2123              6           2813          
   28           2119              5           2818          
   29           2118              2           2822          
   30           2117              1           2824          
   31           2117              1           2824          
   32           2116              1           2825          
   33           2116              1           2825          
   34           2116              0           2826          
   35           2116              0           2826          
   36           2116              0           2826          
   37           2116              0           2826          
   38           2116              0           2826          
   39           2116              0           2826          
   40           2116              0           2826          
   41           2116              0           2826          
   42           2116              0           2826          
   43           2116              0           2826          
   44           2116              0           2826          
   45           2116              0           2826          
   46           2116              0           2826          
   47           2116              0           2826          
   48           2116              0           2826          
   49           2116              0           2826          
   50           2116              0           2826          
   51           2116              0           2826          
   52           2116              0           2826          
   53           2116              0           2826          
   54           2116              0           2826          
   55           2116              0           2826          
   56           2116              0           2826          
   57           2116              0           2826          
   58           2116              0           2826          
   59           2116              0           2826          
   60           2116              0           2826          


END

Timestamp      Susceptible    Infected       Recovered
    0           4872             70              0          
    1           4763            117             62          
    2           4630            157            155          
    3           4444            214            284          
    4           4206            264            472          
    5           3960            290            692          
    6           3682            329            931          
    7           3436            300           1206          
    8           3230            251           1461          
    9           3063            209           1670          
   10           2917            171           1854          
   11           2779            166           1997          
   12           2636            180           2126          
   13           2511            148           2283          
   14           2417            117           2408          
   15           2342             97           2503          
   16           2282             79           2581          
   17           2219             72           2651          
   18           2178             52           2712          
   19           2153             33           2756          
   20           2144             16           2782          
   21           2139              8           2795          
   22           2136              4           2802          
   23           2135              1           2806          
   24           2134              2           2806          
   25           2133              2           2807          
   26           2129              4           2809          
   27           2123              6           2813          
   28           2119              5           2818          
   29           2118              2           2822          
   30           2117              1           2824          
   31           2117              1           2824          
   32           2116              1           2825          
   33           2116              1           2825          
   34           2116              0           2826          
   35           2116              0           2826          
   36           2116              0           2826          
   37           2116              0           2826          
   38           2116              0           2826          
   39           2116              0           2826          
   40           2116              0           2826          
   41           2116              0           2826          
   42           2116              0           2826          
   43           2116              0           2826          
   44           2116              0           2826          
   45           2116              0           2826          
   46           2116              0           2826          
   47           2116              0           2826          
   48           2116              0           2826          
   49           2116              0           2826          
   50           2116              0           2826          
   51           2116              0           2826          
   52           2116              0           2826          
   53           2116              0           2826          
   54           2116              0           2826          
   55           2116              0           2826          
   56           2116              0           2826          
   57           2116              0           2826          
   58           2116              0           2826          
   59           2116              0           2826          
   60           2116              0           2826          


END

Timestamp      Susceptible    Infected       Recovered
    0           4872             70              0          
    1           4769            116             57          
    2           4628            160            154          
    3           4467            191            284          
    4           4306            193            443          
    5           4152            185            605          
    6           3984            207            751          
    7           3836            171            935          
    8           3686            174           1082          
    9           3532            185           1225          
   10           3374            190           1378          
   11           3248            160           1534          
   12           3132            142           1668          
   13           3027            124           1791          
   14           2945            105           1892          
   15           2857            102           1983          
   16           2778            102           2062          
   17           2706             85           2151          
   18           2636             86           2220          
   19           2576             72           2294          
   20           2532             54           2356          
   21           2502             37           2403          
   22           2481             27           2434          
   23           2458             28           2456          
   24           2441             23           2478          
   25           2426             18           2498          
   26           2416             14           2512          
   27           2409             12           2521          
   28           2400             12           2530          
   29           2386             17           2539          
   30           2377             10           2555          
   31           2370              9           2563          
   32           2366              5           2571          
   33           2363              3           2576          
   34           2359              4           2579          
   35           2352              9           2581          
   36           2342             14           2586          
   37           2332             12           2598          
   38           2319             14           2609          
   39           2308             12           2622          
   40           2296             15           2631          
   41           2286             12           2644          
   42           2282              4           2656          
   43           2277              7           2658          
   44           2273              5           2664          
   45           2271              3           2668          
   46           2268              4           2670          
   47           2264              4           2674          
   48           2263              2           2677          
   49           2262              1           2679          
   50           2260              3           2679          
   51           2258              2           2682          
   52           2258              0           2684          
   53           2258              0           2684          
   54           2258              0           2684          
   55           2258              0           2684          
   56           2258              0           2684          
   57           2258              0           2684          
   58           2258              0           2684          
   59           2258              0           2684          
   60           2258              0           2684          


END

Timestamp      Susceptible    Infected       Recovered
    0           4872             70              0          
    1           4763            119             60          
    2           4614            170            158          
    3           4426            207            309          
    4           4228            229            485          
    5           4009            261            672          
    6           3783            268            891          
    7           3525            297           1120          
    8           3306            267           1369          
    9           3109            237           1596          
   10           2936            203           1803          
   11           2791            187           1964          
   12           2652            165           2125          
   13           2567            114           2261          
   14           2499             87           2356          
   15           2441             71           2430          
   16           2383             73           2486          
   17           2325             72           2545          
   18           2284             53           2605          
   19           2262             35           2645          
   20           2249             22           2671          
   21           2238             12           2692          
   22           2226             15           2701          
   23           2217             10           2715          
   24           2209             10           2723          
   25           2204              5           2733          
   26           2199              8           2735          
   27           2193              9           2740          
   28           2193              3           2746          
   29           2193              1           2748          
   30           2193              1           2748          
   31           2193              1           2748          
   32           2193              1           2748          
   33           2193              0           2749          
   34           2193              0           2749          
   35           2193              0           2749          
   36           2193              0           2749          
   37           2193              0           2749          
   38           2193              0           2749          
   39           2193              0           2749          
   40           2193              0           2749          
   41           2193              0           2749          
   42           2193              0           2749          
   43           2193              0           2749          
   44           2193              0           2749          
   45           2193              0           2749          
   46           2193              0           2749          
   47           2193              0           2749          
   48           2193              0           2749          
   49           2193              0           2749          
   50           2193              0           2749          
   51           2193              0           2749          
   52           2193              0           2749          
   53           2193              0           2749          
   54           2193              0           2749          
   55           2193              0           2749          
   56           2193              0           2749          
   57           2193              0           2749          
   58           2193              0           2749          
   59           2193              0           2749          
   60           2193              0           2749          


END

Timestamp      Susceptible    Infected       Recovered
    0           4872             70              0          
    1           4763            119             60          
    2           4614            170            158          
    3           4426            207            309          
    4           4228            229            485          
    5           4009            261            672          
    6           3783            268            891          
    7           3525            297           1120          
    8           3306            267           1369          
    9           3109            237           1596          
   10           2936            203           1803          
   11           2791            187           1964          
   12           2652            165           2125          
   13           2567            114           2261          
   14           2499             87           2356          
   15           2441             71           2430          
   16           2383             73           2486          
   17           2325             72           2545          
   18           2284             53           2605          
   19           2262             35           2645          
   20           2249             22           2671          
   21           2238             12           2692          
   22           2226             15           2701          
   23           2217             10           2715          
   24           2209             10           2723          
   25           2204              5           2733          
   26           2199              8           2735          
   27           2193              9           2740          
   28           2193              3           2746          
   29           2193              1           2748          
   30           2193              1           2748          
   31           2193              1           2748          
   32           2193              1           2748          
   33           2193              0           2749          
   34           2193              0           2749          
   35           2193              0           2749          
   36           2193              0           2749          
   37           2193              0           2749          
   38           2193              0           2749          
   39           2193              0           2749          
   40           2193              0           2749          
   41           2193              0           2749          
   42           2193              0           2749          
   43           2193              0           2749          
   44           2193              0           2749          
   45           2193              0           2749          
   46           2193              0           2749          
   47           2193              0           2749          
   48           2193              0           2749          
   49           2193              0           2749          
   50           2193              0           2749          
   51           2193              0           2749          
   52           2193              0           2749          
   53           2193              0           2749          
   54           2193              0           2749          
   55           2193              0           2749          
   56           2193              0           2749          
   57           2193              0           2749          
   58           2193              0           2749          
   59           2193              0           2749          
   60           2193              0           2749          


END

Timestamp      Susceptible    Infected       Recovered
    0           4872             70              0          
    1           4774            112             56          
    2           4613            174            155          
    3           4390            247            305          
    4           4141            284            517          
    5           3883            309            750          
    6           3634            314            994          
    7           3398            298           1246          
    8           3208            232           1502          
    9           3031            213           1698          
   10           2860            208           1874          
   11           2736            162           2044          
   12           2625            133           2184          
   13           2537            110           2295          
   14           2480             71           2391          
   15           2418             75           2449          
   16           2376             50           2516          
   17           2337             46           2559          
   18           2312             30           2600          
   19           2290             27           2625          
   20           2273             19           2650          
   21           2257             20           2665          
   22           2252              8           2682          
   23           2249              3           2690          
   24           2246              3           2693          
   25           2245              1           2696          
   26           2245              0           2697          
   27           2245              0           2697          
   28           2245              0           2697          
   29           2245              0           2697          
   30           2245              0           2697          
   31           2245              0           2697          
   32           2245              0           2697          
   33           2245              0           2697          
   34           2245              0           2697          
   35           2245              0           2697          
   36           2245              0           2697          
   37           2245              0           2697          
   38           2245              0           2697          
   39           2245              0           2697          
   40           2245              0           2697          
   41           2245              0           2697          
   42           2245              0           2697          
   43           2245              0           2697          
   44           2245              0           2697          
   45           2245              0           2697          
   46           2245              0           2697          
   47           2245              0           2697          
   48           2245              0           2697          
   49           2245              0           2697          
   50           2245              0           2697          
   51           2245              0           2697          
   52           2245              0           2697          
   53           2245              0           2697          
   54           2245              0           2697          
   55           2245              0           2697          
   56           2245              0           2697          
   57           2245              0           2697          
   58           2245              0           2697          
   59           2245              0           2697          
   60           2245              0           2697          


END

